depth/1311868165.373166.png -0.1843 -1.6672 1.4867 0.6844 -0.5011 0.3095 -0.4298 
depth/1311868166.377872.png -0.3194 -1.7853 1.4526 0.685 -0.5487 0.3006 -0.3733 
depth/1311868167.412495.png -0.3299 -2.0431 1.4601 0.7199 -0.4905 0.2831 -0.4012 
depth/1311868168.511764.png -0.1935 -2.1154 1.4807 0.7288 -0.4728 0.269 -0.4158 
depth/1311868169.744399.png 0.088 -2.1493 1.5571 -0.7686 0.3252 -0.2294 0.5009 
depth/1311868170.745234.png 0.0922 -2.3227 1.5828 -0.7667 0.327 -0.2075 0.5121 
depth/1311868171.813158.png 0.1529 -2.5424 1.5505 -0.8038 0.2649 -0.1752 0.5031 
depth/1311868173.149043.png 0.3899 -2.6814 1.424 0.857 -0.2713 0.1493 -0.4118 
depth/1311868174.751101.png 0.7436 -2.7561 1.4767 0.8609 -0.1505 0.0883 -0.4779 
depth/1311868176.020287.png 0.9902 -2.6494 1.5679 -0.7923 0.0988 -0.0602 0.599 
depth/1311868177.019840.png 1.2492 -2.6896 1.5257 -0.8247 0.0446 -0.0251 0.5632 
depth/1311868178.023893.png 1.4582 -2.6141 1.4811 -0.8465 -0.0098 -0.0019 0.5323 
depth/1311868179.054617.png 1.5824 -2.7967 1.447 -0.8537 -0.0588 0.0468 0.5152 
depth/1311868182.360580.png 1.9382 -2.8345 1.4165 0.8785 0.0635 -0.0602 -0.4696 
depth/1311868183.725733.png 2.0738 -2.3526 1.528 0.8255 0.2108 -0.1649 -0.497 
depth/1311868184.731115.png 2.1006 -2.0505 1.5803 -0.7999 -0.2326 0.1886 0.5201 
depth/1311868185.729373.png 2.145 -1.7974 1.63 -0.7467 -0.2624 0.2089 0.5744 
depth/1311868186.730707.png 2.2349 -1.6796 1.5811 -0.7248 -0.3637 0.2797 0.5139 
depth/1311868187.730639.png 2.406 -1.8008 1.5483 0.7564 0.3636 -0.2525 -0.4815 
depth/1311868189.198871.png 2.7539 -1.861 1.4157 0.766 0.439 -0.27 -0.3843 
depth/1311868195.208730.png 3.0157 -1.5182 1.6189 0.7193 0.4648 -0.2967 -0.4226 
depth/1311868211.160225.png 3.1707 0.0774 1.3742 0.4962 0.7604 -0.353 -0.2258 
depth/1311868212.231541.png 3.1331 0.328 1.3597 0.474 0.7832 -0.3425 -0.2113 
depth/1311868213.262100.png 3.0373 0.4128 1.3788 0.4724 0.7772 -0.3512 -0.2224 
depth/1311868214.269163.png 2.9097 0.4592 1.395 0.4394 0.7903 -0.3803 -0.1941 
depth/1311868215.265968.png 2.7918 0.5252 1.429 0.3446 0.8287 -0.4036 -0.1778 
depth/1311868216.266603.png 2.6916 0.4898 1.5679 0.2987 0.8384 -0.429 -0.1545 
depth/1311868217.266852.png 2.6064 0.5034 1.6844 0.3002 0.8228 -0.4547 -0.1618 
depth/1311868218.270554.png 2.5981 0.4761 1.6603 0.2948 0.8169 -0.4667 -0.1674 
depth/1311868219.267876.png 2.5502 0.569 1.5274 0.2723 0.8205 -0.4777 -0.1561 
depth/1311868220.268408.png 2.547 0.6322 1.3191 0.256 0.8445 -0.4643 -0.0761 
depth/1311868221.270077.png 2.5489 0.7269 1.225 0.2343 0.8716 -0.4257 -0.0639 
depth/1311868222.275741.png 2.5158 0.7761 1.2262 0.253 0.8676 -0.4219 -0.0726 
depth/1311868223.275333.png 2.383 0.8033 1.2341 0.2051 0.8847 -0.4159 -0.0469 
depth/1311868224.273978.png 2.2869 0.8509 1.2388 0.1938 0.8813 -0.4301 -0.0276 
depth/1311868225.275019.png 2.1196 0.9573 1.2535 0.147 0.8878 -0.4357 -0.0197 
depth/1311868226.277625.png 2.0286 1.0295 1.2482 0.1213 0.8908 -0.4377 -0.0072 
depth/1311868227.276576.png 1.8027 0.9927 1.2917 0.1131 0.8875 -0.4466 0.0063 
depth/1311868228.277518.png 1.6169 0.9862 1.3093 0.0116 0.8871 -0.4575 0.0604 
depth/1311868229.281306.png 1.4296 1.0159 1.3384 -0.0142 0.8839 -0.4633 0.0631 
depth/1311868230.283053.png 1.3649 0.7854 1.4757 -0.0048 0.8977 -0.4363 0.0607 
depth/1311868231.284151.png 1.2532 0.5934 1.5933 -0.0149 0.9062 -0.4203 0.0439 
depth/1311868232.280983.png 1.2902 0.4181 1.72 -0.0401 0.9225 -0.3831 0.0258 
depth/1311868233.286477.png 1.3502 0.3496 1.7914 -0.0342 0.9091 -0.4141 0.0295 
depth/1311868234.288925.png 1.1828 0.4747 1.7204 -0.0799 0.8942 -0.4372 0.0546 
depth/1311868235.289189.png 0.9915 0.6482 1.6305 -0.1079 0.8902 -0.4379 0.0649 
depth/1311868236.326498.png 0.8208 0.6524 1.5155 -0.1216 0.8833 -0.4436 0.09 
depth/1311868237.327288.png 0.6726 0.6319 1.4095 -0.1554 0.8649 -0.4537 0.1482 
depth/1311868238.325272.png 0.407 0.6219 1.3588 -0.2322 0.8529 -0.4333 0.1759 
depth/1311868239.325948.png 0.2849 0.5086 1.3189 -0.2537 0.8513 -0.417 0.1924 
depth/1311868240.325864.png 0.1223 0.4234 1.2746 -0.3364 0.8267 -0.389 0.2283 
depth/1311868241.361428.png 0.022 0.3493 1.3255 -0.3475 0.8367 -0.3664 0.2118 
depth/1311868242.427036.png 0.0137 0.1703 1.4841 -0.4113 0.797 -0.3643 0.2507 
depth/1311868243.532500.png -0.0684 0.0533 1.4744 -0.4352 0.7639 -0.3904 0.2731 
depth/1311868244.598720.png -0.2784 -0.0834 1.4053 -0.5251 0.7197 -0.3469 0.2933 
depth/1311868245.600933.png -0.3344 -0.2692 1.3273 -0.5322 0.7051 -0.3452 0.3169 
depth/1311868246.737587.png -0.537 -0.4345 1.265 -0.5603 0.7119 -0.2957 0.3029 
depth/1311868247.769288.png -0.4922 -0.5746 1.3124 -0.556 0.7115 -0.3025 0.305 
depth/1311868248.766346.png -0.3093 -0.7901 1.3808 -0.6201 0.6667 -0.2805 0.3038 
depth/1311868249.770990.png -0.1422 -0.9502 1.4581 -0.622 0.6666 -0.2808 0.2998 
depth/1311868250.770588.png 0.0616 -0.9615 1.5561 -0.6136 0.6559 -0.2967 0.3243 
depth/1311868251.770114.png 0.0101 -1.039 1.5346 -0.6284 0.6331 -0.3102 0.3287 
depth/1311868252.774814.png -0.1383 -1.3098 1.4892 0.6708 -0.5984 0.2902 -0.3281 
depth/1311868253.774636.png -0.1183 -1.5272 1.4402 0.6673 -0.6089 0.2754 -0.3289 
depth/1311868254.777541.png -0.1189 -1.7834 1.3913 0.7349 -0.5465 0.2183 -0.3369 
depth/1311868255.776905.png -0.1226 -1.9529 1.3649 0.7476 -0.5332 0.1976 -0.3431 
depth/1311868256.781989.png 0.049 -2.1398 1.3963 0.7588 -0.5007 0.1989 -0.366 
depth/1311868257.780361.png 0.2147 -2.2989 1.4773 0.8195 -0.3956 0.1685 -0.3789 
depth/1311868258.778477.png 0.4421 -2.2648 1.5989 0.8447 -0.3521 0.1312 -0.3811 
depth/1311868259.778932.png 0.6699 -2.3001 1.632 0.8611 -0.27 0.1397 -0.4076 
depth/1311868260.783695.png 0.6506 -2.284 1.6047 0.8655 -0.2642 0.1184 -0.4087 
depth/1311868261.787339.png 0.6309 -2.2591 1.6006 0.8702 -0.2517 0.1118 -0.4084 
